[424.8888888888889,
 826.0555555555555,
 1731.4074074074074,
 3798.75,
 4273.65,
 5419.3,
 7042.325,
 5957.6,
 5336.525,
 5865.25,
 5333.375,
 5979.4,
 6443.15,
 8446.625,
 8945.0,
 8821.0,
 8971.2,
 8980.675,
 9126.75,
 8256.275,
 9404.2,
 9191.85,
 7661.7,
 6480.05,
 6116.35,
 6826.325,
 6143.275,
 5419.45,
 5923.0,
 4964.425,
 5008.175,
 5857.925,
 6104.475,
 5909.3,
 5001.525,
 4637.825,
 4824.625,
 4097.85,
 3791.975,
 3157.225,
 2938.4,
 2515.225,
 2926.525,
 3205.525,
 3437.4,
 3541.3,
 3224.175,
 2425.6,
 1912.575,
 1353.325,
 1008.75,
 800.075,
 894.55,
 903.475,
 896.875,
 726.5,
 672.0,
 536.15,
 480.925,
 448.275,
 471.05,
 448.125,
 302.8,
 154.075,
 91.925,
 49.75,
 138.5,
 336.7,
 360.925,
 623.675,
 620.525,
 368.675,
 481.25,
 405.775,
 272.9,
 323.375,
 282.35,
 215.675,
 221.175,
 348.675,
 315.875,
 446.325,
 435.775,
 355.05,
 419.5,
 460.65,
 376.275,
 378.5,
 765.175,
 1144.575,
 1505.675,
 1574.275,
 1267.1,
 778.675,
 492.85,
 355.1,
 549.625,
 619.85,
 901.2,
 890.6,
 666.05,
 667.6,
 657.025,
 402.7,
 316.75,
 422.075,
 417.625,
 274.35,
 272.15,
 268.4,
 283.675,
 329.45,
 356.725,
 281.975,
 179.7,
 114.125,
 34.7,
 30.675,
 30.675,
 19.85,
 176.65,
 463.825,
 609.575,
 666.6,
 756.375,
 703.575,
 594.625,
 677.5,
 763.4,
 657.3,
 803.35,
 827.05,
 1217.125,
 1546.475,
 2129.5,
 1849.8,
 1580.65,
 1212.15,
 695.275,
 625.1,
 807.275,
 1149.85,
 1709.9,
 1652.175,
 2095.975,
 2402.375,
 2230.425,
 2134.55,
 2103.925,
 1228.675,
 587.525,
 614.475,
 523.0,
 448.45,
 383.65,
 260.425,
 201.625,
 193.45,
 183.225,
 322.425,
 371.525,
 384.125,
 697.65,
 752.275,
 1006.6,
 1118.175,
 985.925,
 1273.7,
 1275.8,
 1595.625,
 1766.2,
 1926.475,
 2120.475,
 2833.6,
 2962.0,
 3735.45,
 3696.95,
 3899.85,
 3636.125,
 2982.825,
 2517.925,
 1753.275,
 1429.475,
 1256.975,
 1154.65,
 929.475,
 716.825,
 519.45,
 550.425,
 651.875,
 702.0,
 1457.725,
 2035.8,
 2667.3,
 3105.0,
 2796.225,
 2891.075,
 2400.95,
 2772.55]